-0.0000	0.0000	0
-0.0010	0.0100	0
0.0051	0.0193	0
-0.0004	0.0300	0
0.0143	0.0374	0
0.0009	0.0500	0
0.0225	0.0556	0
0.0065	0.0697	0
0.0251	0.0760	0
0.0203	0.0877	0
0.0598	0.0801	0
0.0619	0.0909	0
0.0323	0.1156	0
0.0828	0.1002	0
0.1099	0.0868	0
0.0933	0.1174	0
0.0783	0.1395	0
0.1240	0.1163	0
0.0806	0.1609	0
0.1392	0.1293	0
0.1536	0.1281	0
0.1390	0.1574	0
0.1899	0.1111	0
0.1412	0.1816	0
0.1506	0.1868	0
0.1717	0.1817	0
0.2101	0.1532	0
0.2320	0.1381	0
0.2312	0.1579	0
0.2518	0.1439	0
0.2599	0.1498	0
0.3032	0.0647	0
0.2998	0.1120	0
0.2719	0.1870	0
0.3396	0.0154	0
0.3420	0.0746	0
0.3562	0.0525	0
0.3699	-0.0089	0
0.3787	0.0308	0
0.3893	-0.0230	0
0.3978	-0.0423	0
0.3978	-0.0993	0
0.4191	-0.0277	0
0.4268	-0.0527	0
0.4273	-0.1048	0
0.4373	-0.1060	0
0.4548	-0.0691	0
0.4336	-0.1814	0
0.4753	-0.0671	0
0.4361	-0.2233	0
0.2889	-0.4081	0
0.4697	-0.1988	0
0.3868	-0.3476	0
0.5008	-0.1735	0
0.4244	-0.3339	0
0.4240	-0.3503	0
0.2805	-0.4847	0
0.5306	-0.2082	0
0.4110	-0.4092	0
0.4621	-0.3668	0
0.3953	-0.4514	0
0.3676	-0.4868	0
0.4946	-0.3739	0
0.4356	-0.4551	0
0.3282	-0.5494	0
0.2780	-0.5875	0
0.3044	-0.5856	0
-0.0384	-0.6689	0
0.4327	-0.5246	0
0.3680	-0.5837	0
0.1625	-0.6809	0
-0.0702	-0.7065	0
0.1209	-0.7098	0
0.1812	-0.7072	0
0.0437	-0.7387	0
0.1035	-0.7428	0
-0.0064	-0.7600	0
-0.1704	-0.7509	0
0.1379	-0.7677	0
-0.0155	-0.7898	0
-0.0402	-0.7990	0
-0.2989	-0.7528	0
-0.1881	-0.7981	0
-0.0012	-0.8300	0
-0.2864	-0.7897	0
-0.1454	-0.8375	0
-0.3082	-0.8029	0
-0.1139	-0.8625	0
-0.1978	-0.8575	0
-0.7282	-0.5118	0
-0.5287	-0.7283	0
-0.1959	-0.8887	0
-0.6556	-0.6454	0
-0.4363	-0.8213	0
-0.3972	-0.8519	0
-0.7408	-0.5947	0
-0.7831	-0.5552	0
-0.6834	-0.6884	0
-0.6794	-0.7063	0
-0.5870	-0.7972	0
-0.0000	-0.0000	1
-0.0084	-0.0055	1
-0.0184	-0.0078	1
-0.0239	-0.0182	1
-0.0272	-0.0294	1
-0.0468	-0.0177	1
-0.0514	-0.0310	1
-0.0673	-0.0193	1
-0.0759	-0.0253	1
-0.0887	-0.0151	1
-0.0896	-0.0444	1
-0.1057	-0.0305	1
-0.1129	-0.0408	1
-0.1300	-0.0032	1
-0.1398	-0.0072	1
-0.1459	-0.0349	1
-0.1589	-0.0191	1
-0.1698	0.0085	1
-0.1799	0.0062	1
-0.1825	0.0527	1
-0.1968	0.0357	1
-0.1786	0.1104	1
-0.2143	0.0496	1
-0.2239	0.0524	1
-0.2399	0.0081	1
-0.2450	0.0497	1
-0.2334	0.1147	1
-0.2509	0.0998	1
-0.2773	0.0389	1
-0.2702	0.1054	1
-0.2924	0.0672	1
-0.2740	0.1450	1
-0.2857	0.1442	1
-0.3212	0.0755	1
-0.3073	0.1455	1
-0.2397	0.2550	1
-0.2481	0.2608	1
-0.1515	0.3376	1
-0.2671	0.2703	1
-0.2891	0.2617	1
-0.1384	0.3753	1
-0.2476	0.3268	1
-0.2186	0.3586	1
-0.1252	0.4114	1
-0.1953	0.3943	1
-0.1468	0.4254	1
-0.1050	0.4479	1
-0.2684	0.3859	1
-0.1935	0.4392	1
-0.0877	0.4821	1
-0.1391	0.4803	1
-0.0832	0.5032	1
-0.0749	0.5146	1
-0.0057	0.5300	1
-0.0159	0.5398	1
-0.1490	0.5294	1
-0.0020	0.5600	1
-0.2085	0.5305	1
0.0565	0.5772	1
-0.0289	0.5893	1
0.1254	0.5868	1
0.0626	0.6068	1
0.3013	0.5418	1
0.2758	0.5664	1
0.1324	0.6262	1
0.3473	0.5494	1
0.3135	0.5808	1
-0.1441	0.6543	1
0.5026	0.4580	1
0.3705	0.5821	1
0.3499	0.6063	1
0.4935	0.5104	1
0.3632	0.6217	1
0.6623	0.3070	1
0.3182	0.6681	1
0.4461	0.6029	1
0.6181	0.4422	1
0.6076	0.4731	1
0.5056	0.5940	1
0.2722	0.7416	1
0.5703	0.5610	1
0.6053	0.5382	1
0.6468	0.5040	1
0.7107	0.4287	1
0.7351	0.4065	1
0.6742	0.5177	1
0.8147	0.2755	1
0.8451	0.2066	1
0.6405	0.6034	1
0.8661	0.2048	1
0.8962	0.0828	1
0.8335	0.3652	1
0.9186	0.0512	1
0.9230	0.1142	1
0.9366	0.0804	1
0.9087	0.2770	1
0.9509	-0.1319	1
0.9178	0.3140	1
0.9336	-0.2979	1
0.9890	-0.0446	1
0.0000	-0.0000	2
0.0098	-0.0020	2
0.0200	0.0005	2
0.0262	-0.0147	2
0.0385	-0.0110	2
0.0496	-0.0064	2
0.0600	-0.0017	2
0.0622	-0.0322	2
0.0743	-0.0295	2
0.0807	-0.0398	2
0.0814	-0.0580	2
0.0922	-0.0600	2
0.0937	-0.0749	2
0.0961	-0.0876	2
0.1033	-0.0945	2
0.1064	-0.1058	2
0.1375	-0.0819	2
0.1011	-0.1367	2
0.1102	-0.1424	2
0.0917	-0.1664	2
0.1297	-0.1522	2
0.0327	-0.2074	2
0.1374	-0.1718	2
0.1501	-0.1743	2
0.1327	-0.2000	2
0.1342	-0.2109	2
0.0969	-0.2413	2
0.0221	-0.2691	2
0.1038	-0.2601	2
0.0387	-0.2874	2
0.1558	-0.2564	2
0.0506	-0.3058	2
0.0450	-0.3168	2
-0.0175	-0.3295	2
0.0049	-0.3400	2
-0.0484	-0.3466	2
0.0195	-0.3595	2
-0.1009	-0.3560	2
0.0025	-0.3800	2
-0.0468	-0.3872	2
-0.0943	-0.3887	2
-0.0337	-0.4086	2
-0.1885	-0.3753	2
-0.0506	-0.4270	2
-0.1624	-0.4089	2
-0.2126	-0.3966	2
-0.0803	-0.4529	2
-0.1529	-0.4444	2
-0.2656	-0.3998	2
-0.2750	-0.4056	2
-0.2346	-0.4416	2
-0.3786	-0.3417	2
-0.3345	-0.3982	2
-0.2652	-0.4589	2
-0.3321	-0.4258	2
-0.4126	-0.3637	2
-0.4020	-0.3899	2
-0.3048	-0.4817	2
-0.4508	-0.3650	2
-0.5667	-0.1640	2
-0.4154	-0.4330	2
-0.4918	-0.3609	2
-0.5489	-0.2883	2
-0.5878	-0.2267	2
-0.5795	-0.2715	2
-0.5866	-0.2801	2
-0.6003	-0.2742	2
-0.5676	-0.3560	2
-0.6113	-0.2979	2
-0.6627	-0.1922	2
-0.6994	0.0281	2
-0.6635	-0.2526	2
-0.7074	-0.1339	2
-0.6956	-0.2213	2
-0.7395	-0.0266	2
-0.7418	0.1109	2
-0.7319	0.2049	2
-0.7628	0.1049	2
-0.7781	0.0543	2
-0.7109	0.3445	2
-0.7849	0.1548	2
-0.7751	0.2352	2
-0.8091	0.1332	2
-0.7121	0.4264	2
-0.7847	0.2997	2
-0.8497	-0.0240	2
-0.7118	0.4826	2
-0.7475	0.4452	2
-0.7426	0.4722	2
-0.8439	0.2828	2
-0.6509	0.6215	2
-0.8117	0.4114	2
-0.8468	0.3596	2
-0.8359	0.4076	2
-0.9224	0.1813	2
-0.4564	0.8332	2
-0.6303	0.7241	2
-0.5757	0.7807	2
-0.2061	0.9581	2
-0.5974	0.7894	2
